boolean: true,true,true,false,false,false,305
int: 25,5,45352,33355,4041,-64939,10701,53682,55218,50521,-852954294,-60507,64712,-63753,-64507,-1743625738,-42700,51364,31483,38943,-45211,-22758,-51907,-11847,14506,44367,-30147,-53528,-18265,30273,42566,-17851,-42015,538,-20831,58082,-25884,14986,29668,990056939,1353713392,-19016,61271,-13710,55734,-40835,9861,-2181,-22897,60910,42189,56965,18815,-24615,22533,-2644,-9837,47560,-29002,49465,-5376,-34843,-58137,-20433,56579,-46724,-55085,13063,-33398,61210,-27216,39367,-9381,14940,-22723,-33517,26159,32766,-45637,1524320208,49425,-2874,-7029,23710,32019,14118,53870,-40357,-32053,-27834,4078,-45716,45353,4651,-65288,-63553,-59330,45054,-57932,64109,6036,-7701,-636831388,18638,17680,-26460,-45053,-802220812,-31897,49712,18667,11799,1606453529,44348,-44214,-18706,-49385,-6929,39097,-2,19887,52417,-22009,-952,471955728,4530,20038,334760107,759221487,23687,-8664,-64235,-12947,-32367,8861,-40832,-7624,63154,9738,62265,63978,64580,40860,-50518,5351,21607,2884,40302,-30757,59749,-23216,-44532,6115,26143,-202,31229,19469,-2794,-12029,-64589,-24889,6303,-64899,13220,-50235,-23123,11297,11793,-2115,-25787,-26447,-1065256816,144022,-5979930,-112646,177303,-154911,210478,5913600,-56217,-184338,21643,86425,206053,259664,-100515,-87997,142069,51569,-5917584,-154264,195148,18322,5020320,7566690,-75489,2298
short: 320,7807,11954,-13260,10819,-2922,-21796,1993800,97187
double: 105.692,23.673,-298149.46499999997,-21.14,58.113,-52.503,-51.952,-108.442,-58.447,-21412.609,1.35651938144E9,1.6208092011955302E161,12.842,-100.774,74.26,70.835,77.18619541218271,397.6101353302993,-9022.61550967892,19952.270353139145
byte: -3,-66,-117,31,81,91,-99,-117,83,-1,-25,-67,425
long: 7865512265106969173,2399296469939677424,-1707367914213964395,952733496044636840,4962042376123435061,8224973557981350715,37953,-8089114274269474024,7333779053216211447,-6446901516011781172,-7246923191652167127,1966042706190038015,496835481446663994,-8794447870716965841,2262325253196215396,896309108280982565,7500762052568441334,3773706887358367967,-6307787711995008278,4395766078752457469,6837431729261980394,-8757979751399826467,-724462501262452547,2816779777997253333,618550482528387002,3790774708962641662,-6697627127454582827,5610217234603381981,8114293597634966757,-6795066296589895598,3891461566871830572,4904020672642731120,-8385629366431803015,-2809418659241435523,-5649207196723890503,-7146686314676015940,6115940520179718300,6043460547346064652,921201503224657977,3651826284477645771,6149336434803843712,-8610683371017669911,-7906579195642749619,7353466961219306114,6803905889271307295,5431834976225974285,1437176012766252720,-3985644916410056640,7511801252660839246,2023257543258180386,6408218930335491752,-7297794506707983314,-6772379463080858905,-1401586115616039864,3745428792189791318
float: 103.965,66.201,-108.438,-71.0,-122.34,116.965,103.938,-31.85,-90.59,105.607,44.157,-111.122,-63.182,-18.84,0.263,23.143,1589495520,7.592215E8,-86.36,124.477,-531.2459998130798,588.6929225921631,20168.493089675903,11.043296694755554,-640.7399563789368
