char: 13449230
int: 49,9,48,2,1,0,19,-2144405649,11541,46459,39405,100416,240207,-5264,-73315866,248613,183681,17767600,-16438700,-255758
short: 74803
double: -8739628.189509312,-2329.179993405233
float: -245893.13089251518
long: 6350752949861876419,6914180562327063640
